[gd_scene load_steps=3 format=2]

[ext_resource path="res://Props/Cafe/CafeTable.tscn" type="PackedScene" id=1]
[ext_resource path="res://Props/Cafe/CafeChair.tscn" type="PackedScene" id=2]

[node name="Cafe" type="Spatial"]

[node name="CafeTable 1" parent="." instance=ExtResource( 1 )]
transform = Transform( 1, 0, 0, 0, 1, 0, 0, 0, 1, -3, 0.831, 2 )

[node name="CafeChair 1" parent="." instance=ExtResource( 2 )]
transform = Transform( 0.786524, -0.00622876, 0.617528, 0.00645344, 0.999977, 0.00186686, -0.617526, 0.00251686, 0.786547, -4.49789, 0.707851, 1.62083 )

[node name="CafeChair 2" parent="." instance=ExtResource( 2 )]
transform = Transform( 0.0916315, 0, -0.995793, 0, 1, 0, 0.995793, 0, 0.0916315, -1.75011, 0.707852, 2.05639 )

[node name="CafeChair 3" parent="." instance=ExtResource( 2 )]
transform = Transform( -0.998555, 0, 0.0537458, 0, 1, 0, -0.0537458, 0, -0.998555, -3.27601, 0.707852, 3.33452 )

[node name="CafeChair 4" parent="." instance=ExtResource( 2 )]
transform = Transform( -0.00293133, 0, 0.999996, 0, 1, 0, -0.999996, 0, -0.00293133, -8.99872, 0.707852, 2.15607 )

[node name="CafeTable 2" parent="." instance=ExtResource( 1 )]
transform = Transform( 0.554125, 0, -0.832433, 0, 1, 0, 0.832433, 0, 0.554125, -7.49635, 0.831, 2.03909 )

[node name="CafeChair 5" parent="." instance=ExtResource( 2 )]
transform = Transform( -0.921123, 0, 0.389272, 0, 1, 0, -0.389272, 0, -0.921123, -8.21521, 0.707852, 3.16977 )

[node name="CafeChair 6" parent="." instance=ExtResource( 2 )]
transform = Transform( 0.915259, 0, 0.402867, 0, 1, 0, -0.402867, 0, 0.915259, -8.35323, 0.707852, 0.916384 )

[node name="CafeChair 7" parent="." instance=ExtResource( 2 )]
transform = Transform( 0.220752, 0.00039619, -0.97533, 0.00645344, 0.999977, 0.00186686, 0.975309, -0.00670634, 0.220744, -6.30145, 0.707851, 0.945339 )

[node name="CafeChair 8" parent="." instance=ExtResource( 2 )]
transform = Transform( -0.778156, 0, -0.628071, 0, 1, 0, 0.628071, 0, -0.778156, -6.85069, 0.707852, 3.11079 )

[node name="CafeTable 3" parent="." instance=ExtResource( 1 )]
transform = Transform( 0.133804, 0, -0.991008, 0, 1, 0, 0.991008, 0, 0.133804, -4.00475, 0.831, 6.6771 )

[node name="CafeChair 9" parent="." instance=ExtResource( 2 )]
transform = Transform( 0.0116943, 0.00179129, -0.99993, 0.00645344, 0.999977, 0.00186686, 0.999911, -0.00647482, 0.0116825, -2.81093, 0.707851, 6.89752 )

[node name="CafeChair 10" parent="." instance=ExtResource( 2 )]
transform = Transform( 0.436698, 0, 0.899608, 0, 1, 0, -0.899608, 0, 0.436698, -5.55885, 0.707852, 6.9908 )

[node name="CafeChair 11" parent="." instance=ExtResource( 2 )]
transform = Transform( 0.929311, 0, 0.369298, 0, 1, 0, -0.369298, 0, 0.929311, -4.48631, 0.707852, 5.47277 )

[node name="CafeChair 12" parent="." instance=ExtResource( 2 )]
transform = Transform( -0.997667, 0, 0.0682675, 0, 1, 0, -0.0682675, 0, -0.997667, -4.51857, 0.707852, 8.20473 )

[node name="CafeTable 4" parent="." instance=ExtResource( 1 )]
transform = Transform( 0.129568, 0, 0.991571, 0, 1, 0, -0.991571, 0, 0.129568, -8.65688, 0.831, 7.39886 )

[node name="CafeChair 13" parent="." instance=ExtResource( 2 )]
transform = Transform( -0.182674, 0, -0.983174, 0, 1, 0, 0.983174, 0, -0.182674, -7.36936, 0.707852, 7.84545 )

[node name="CafeChair 14" parent="." instance=ExtResource( 2 )]
transform = Transform( -0.909436, 0.00509285, 0.415812, 0.00645344, 0.999977, 0.00186686, -0.415793, 0.00438119, -0.909449, -9.22693, 0.630072, 8.73839 )

[node name="CafeChair 15" parent="." instance=ExtResource( 2 )]
transform = Transform( 0.999272, 0, -0.038164, 0, 1, 0, 0.038164, 0, 0.999272, -8.43901, 0.707852, 5.94718 )

[node name="CafeChair 16" parent="." instance=ExtResource( 2 )]
transform = Transform( -0.336288, 0, -0.941759, 0, 1, 0, 0.941759, 0, -0.336288, -5.94525, 0.707852, 2.44623 )
